0.07962147031421007	-4.341935602163872
0.27058763299725896	-1.4243109859648655
0.6926427177463829	-2.745920330287026
5.095203390305732	6.524244709660913
5.650719560677563	6.167597020262128
6.001782512525518	-3.259705027402351
6.330126933883367	-2.0647179766550448
8.187073282458028	1.8699855933147838
9.718444650499851	0.8082635808875
9.977545676193188	0.9444937769136112
10.110553044042268	-4.167867224490099
10.837247745439221	2.714131879490517
11.930374096354736	-1.438027956272931
12.225776276832583	1.9702333936492966
13.577643037067142	4.626217217757853
