0.0007346344905008809,
0.001709392653517807,
0.002683925371554019,
0.003655961201327216,
0.004624450063421818,
0.005588428003865117,
0.00654694845084515,
0.007499073255464816,
0.008443871469668721,
0.009380419653694542,
0.01030780257486916,
0.01122511402318622,
0.012131457662979251,
0.013025947892971715,
0.01390771070371885,
0.014775884527441474,
0.015629621077546098,
0.01646808617614516,
0.017290460568323632,
0.018095940722128407,
0.018883739613374886,
0.01965308749443545,
0.020403232646209593,
0.021133442112527594,
0.02184300241624754,
0.02253122025633626,
0.02319742318525442,
0.023840960265968263,
0.024461202707957153,
0.025057544481579718,
0.025629402910208283,
0.02617621923954582,
0.02669745918357113,
0.02719261344657694,
0.027661198220792507,
0.028102755659101357,
0.028516854322395237,
0.028903089601125278,
0.029261084110638446,
0.029590488059912694,
0.02989097959333295,
0.03016226510516929,
0.030404079526454932,
0.030616186583980524,
0.03079837903115269,
0.030950478850491105,
0.03107233742756666,
0.031163835696210035,
0.03122488425484948,
0.03125542345386349,
0.03125542345386349,
0.03122488425484948,
0.031163835696210035,
0.03107233742756666,
0.030950478850491105,
0.03079837903115269,
0.030616186583980524,
0.030404079526454932,
0.03016226510516929,
0.02989097959333295,
0.029590488059912694,
0.029261084110638446,
0.028903089601125278,
0.028516854322395237,
0.028102755659101357,
0.027661198220792507,
0.02719261344657694,
0.02669745918357113,
0.02617621923954582,
0.025629402910208283,
0.025057544481579718,
0.024461202707957153,
0.023840960265968263,
0.02319742318525442,
0.02253122025633626,
0.02184300241624754,
0.021133442112527594,
0.020403232646209593,
0.01965308749443545,
0.018883739613374886,
0.018095940722128407,
0.017290460568323632,
0.01646808617614516,
0.015629621077546098,
0.014775884527441474,
0.01390771070371885,
0.013025947892971715,
0.012131457662979251,
0.01122511402318622,
0.01030780257486916,
0.009380419653694542,
0.008443871469668721,
0.007499073255464816,
0.00654694845084515,
0.005588428003865117,
0.004624450063421818,
0.003655961201327216,
0.002683925371554019,
0.001709392653517807,
0.0007346344905008809,
