-0.9997137267734413,
-0.9984919506395958,
-0.9962951347331251,
-0.9931249370374434,
-0.9889843952429918,
-0.983877540706057,
-0.9778093584869183,
-0.9707857757637064,
-0.9628136542558156,
-0.9539007829254917,
-0.944055870136256,
-0.9332885350430795,
-0.921609298145334,
-0.9090295709825297,
-0.895561644970727,
-0.8812186793850184,
-0.8660146884971647,
-0.8499645278795913,
-0.8330838798884008,
-0.8153892383391762,
-0.7968978923903145,
-0.7776279096494955,
-0.7575981185197072,
-0.7368280898020207,
-0.7153381175730564,
-0.693149199355802,
-0.670283015603141,
-0.6467619085141293,
-0.6226088602037078,
-0.5978474702471788,
-0.5725019326213812,
-0.5465970120650941,
-0.520158019881763,
-0.49321078920819095,
-0.465781649773358,
-0.4378974021720315,
-0.40958529167830154,
-0.38087298162462996,
-0.3517885263724217,
-0.32236034390052914,
-0.292617188038472,
-0.2625881203715035,
-0.23230248184497396,
-0.20178986409573602,
-0.17108008053860327,
-0.14020313723611397,
-0.10918920358006111,
-0.07806858281343663,
-0.046871682421591634,
-0.015628984421543084,
0.015628984421543084,
0.046871682421591634,
0.07806858281343663,
0.10918920358006111,
0.14020313723611397,
0.17108008053860327,
0.20178986409573602,
0.23230248184497396,
0.2625881203715035,
0.292617188038472,
0.32236034390052914,
0.3517885263724217,
0.38087298162462996,
0.40958529167830154,
0.4378974021720315,
0.465781649773358,
0.49321078920819095,
0.520158019881763,
0.5465970120650941,
0.5725019326213812,
0.5978474702471788,
0.6226088602037078,
0.6467619085141293,
0.670283015603141,
0.693149199355802,
0.7153381175730564,
0.7368280898020207,
0.7575981185197072,
0.7776279096494955,
0.7968978923903145,
0.8153892383391762,
0.8330838798884008,
0.8499645278795913,
0.8660146884971647,
0.8812186793850184,
0.895561644970727,
0.9090295709825297,
0.921609298145334,
0.9332885350430795,
0.944055870136256,
0.9539007829254917,
0.9628136542558156,
0.9707857757637064,
0.9778093584869183,
0.983877540706057,
0.9889843952429918,
0.9931249370374434,
0.9962951347331251,
0.9984919506395958,
0.9997137267734413,
